7392-767066
OS REV: 1.11 Sensor Cal: 1498245175
Time (sec),  BV (Volts),  T (deg C),  DO (mg/l),  Q ()
1512802620,+3.52,+30.094, +3.475,+1.000
1512803220,+3.52,+29.784, +3.423,+1.000
1512803820,+3.52,+30.025, +3.453,+1.000
1512804420,+3.52,+30.060, +3.522,+0.999
1512805020,+3.52,+29.870, +3.370,+1.000
1512805620,+3.52,+29.732, +3.441,+0.999
1512806220,+3.52,+29.525, +3.224,+1.000
1512806820,+3.52,+29.379, +3.221,+1.000
1512807420,+3.52,+29.293, +3.233,+1.001
1512808020,+3.52,+29.284, +3.244,+1.000
1512808620,+3.52,+29.267, +3.238,+1.001
1512809220,+3.52,+29.387, +3.164,+1.002
1512809820,+3.52,+29.379, +3.073,+1.001
1512810420,+3.52,+29.542, +3.380,+1.001
1512811020,+3.52,+29.525, +3.274,+1.000
1512811620,+3.52,+29.663, +3.416,+1.000
1512812220,+3.52,+29.749, +3.311,+1.001
1512812820,+3.52,+29.749, +3.412,+1.000
1512813420,+3.52,+29.594, +3.403,+1.001
1512814020,+3.52,+29.585, +3.290,+1.001
1512814620,+3.52,+29.603, +3.224,+1.002
1512815220,+3.52,+29.559, +3.519,+1.000
1512815820,+3.52,+29.534, +3.410,+1.000
1512816420,+3.52,+29.594, +3.417,+0.999
1512817020,+3.52,+29.577, +3.578,+1.001
1512817620,+3.52,+29.620, +3.584,+1.001
1512818220,+3.52,+29.611, +3.643,+1.000
1512818820,+3.52,+29.594, +3.614,+1.000
1512819420,+3.52,+29.568, +3.669,+1.000
1512820020,+3.52,+29.559, +3.584,+1.001
1512820620,+3.52,+29.508, +3.633,+1.000
1512821220,+3.52,+29.499, +3.519,+1.000
1512821820,+3.52,+29.465, +3.570,+1.001
1512822420,+3.52,+29.439, +3.815,+0.999
1512823020,+3.52,+29.405, +3.691,+0.999
1512823620,+3.52,+29.396, +3.659,+1.000
1512824220,+3.52,+29.379, +3.664,+1.001
1512824820,+3.52,+29.336, +3.502,+1.000
1512825420,+3.52,+29.336, +3.461,+1.001
1512826020,+3.52,+29.310, +3.381,+1.001
1512826620,+3.52,+29.301, +3.456,+1.001
1512827220,+3.52,+29.301, +3.241,+1.001
1512827820,+3.52,+29.310, +3.439,+1.000
1512828420,+3.52,+29.276, +3.371,+1.001
1512829020,+3.52,+29.284, +3.352,+1.001
1512829620,+3.52,+29.284, +3.193,+1.002
1512830220,+3.52,+29.267, +3.287,+1.001
1512830820,+3.52,+29.241, +3.261,+1.000
1512831420,+3.52,+29.250, +3.329,+1.001
1512832020,+3.52,+29.241, +3.257,+1.001
1512832620,+3.52,+29.241, +3.228,+1.001
1512833220,+3.52,+29.233, +3.169,+1.000
1512833820,+3.52,+29.198, +3.127,+1.001
1512834420,+3.52,+29.224, +3.104,+1.001
1512835020,+3.52,+29.207, +3.082,+1.001
1512835620,+3.52,+29.198, +3.030,+1.000
1512836220,+3.52,+29.215, +3.022,+1.000
1512836820,+3.52,+29.215, +3.236,+1.001
1512837420,+3.52,+29.181, +3.180,+1.001
1512838020,+3.52,+29.190, +3.190,+1.000
1512838620,+3.52,+29.190, +3.160,+1.001
1512839220,+3.52,+29.155, +3.196,+1.002
1512839820,+3.52,+29.138, +3.198,+1.001
1512840420,+3.52,+29.138, +3.133,+1.001
1512841020,+3.52,+29.129, +3.313,+1.002
1512841620,+3.52,+29.095, +3.417,+1.000
1512842220,+3.52,+29.087, +3.278,+1.001
1512842820,+3.52,+29.129, +3.242,+1.000
1512843420,+3.52,+29.112, +3.222,+1.001
1512844020,+3.52,+29.095, +3.157,+1.001
1512844620,+3.52,+29.069, +3.260,+1.000
1512845220,+3.52,+29.104, +3.182,+1.001
1512845820,+3.52,+29.069, +3.104,+1.000
1512846420,+3.52,+29.129, +2.981,+1.001
1512847020,+3.52,+29.138, +2.832,+1.001
1512847620,+3.52,+29.147, +2.820,+1.001
1512848220,+3.52,+29.138, +2.827,+1.002
1512848820,+3.52,+29.112, +2.910,+1.001
1512849420,+3.52,+29.069, +2.994,+1.000
1512850020,+3.52,+29.026, +3.169,+1.001
1512850620,+3.52,+29.018, +3.341,+0.999
1512851220,+3.52,+29.018, +3.318,+1.002
1512851820,+3.52,+28.966, +3.377,+1.001
1512852420,+3.52,+28.984, +3.455,+1.000
1512853020,+3.52,+28.966, +3.244,+1.001
1512853620,+3.52,+28.958, +3.476,+1.001
1512854220,+3.52,+28.958, +3.502,+1.001
1512854820,+3.52,+28.958, +3.519,+1.001
1512855420,+3.52,+28.932, +3.593,+0.999
1512856020,+3.52,+28.932, +3.581,+1.001
1512856620,+3.52,+28.949, +3.585,+1.001
1512857220,+3.52,+28.923, +3.649,+0.999
1512857820,+3.52,+28.898, +3.612,+1.001
1512858420,+3.52,+28.898, +3.586,+1.000
1512859020,+3.52,+28.898, +3.656,+1.000
1512859620,+3.52,+28.872, +3.684,+1.000
1512860220,+3.52,+28.863, +3.619,+1.000
1512860820,+3.52,+28.872, +3.709,+1.001
1512861420,+3.52,+28.881, +3.662,+1.000
1512862020,+3.52,+28.863, +3.565,+1.000
1512862620,+3.52,+28.872, +3.539,+1.001
1512863220,+3.52,+28.838, +3.687,+1.000
1512863820,+3.52,+28.838, +3.607,+0.999
1512864420,+3.52,+28.838, +3.577,+1.001
1512865020,+3.52,+28.821, +3.541,+1.000
1512865620,+3.52,+28.829, +3.546,+1.000
1512866220,+3.52,+28.812, +3.564,+1.000
1512866820,+3.52,+28.829, +3.432,+1.000
1512867420,+3.52,+28.812, +3.457,+1.000
1512868020,+3.52,+28.821, +3.685,+1.000
1512868620,+3.52,+28.786, +3.607,+1.000
1512869220,+3.52,+28.821, +3.618,+0.999
1512869820,+3.52,+28.786, +3.519,+1.000
1512870420,+3.52,+28.821, +3.585,+1.000
1512871020,+3.52,+28.838, +3.564,+1.001
1512871620,+3.52,+28.821, +3.444,+1.001
1512872220,+3.52,+28.838, +3.504,+1.000
1512872820,+3.52,+28.838, +3.547,+1.000
1512873420,+3.52,+28.881, +3.875,+1.000
1512874020,+3.52,+28.898, +3.840,+1.000
1512874620,+3.52,+28.898, +3.735,+1.000
1512875220,+3.52,+28.923, +3.782,+1.000
1512875820,+3.52,+28.923, +3.834,+1.000
1512876420,+3.52,+28.949, +3.819,+0.999
1512877020,+3.52,+28.941, +3.919,+1.000
1512877620,+3.52,+28.984, +3.836,+0.999
1512878220,+3.52,+28.984, +3.763,+1.000
1512878820,+3.52,+28.975, +3.699,+0.999
1512879420,+3.52,+29.018, +3.732,+1.000
1512880020,+3.52,+29.018, +3.772,+0.999
1512880620,+3.52,+29.044, +3.730,+1.000
1512881220,+3.52,+29.095, +3.845,+1.000
1512881820,+3.52,+29.104, +3.453,+1.001
1512882420,+3.52,+29.104, +3.678,+1.000
1512883020,+3.52,+29.258, +3.744,+0.999
1512883620,+3.52,+29.353, +3.787,+1.000
1512884220,+3.52,+29.215, +3.849,+0.998
1512884820,+3.52,+29.620, +4.070,+1.000
1512885420,+3.52,+29.697, +3.974,+0.999
1512886020,+3.52,+29.671, +4.056,+0.999
1512886620,+3.52,+29.809, +3.968,+1.000
1512887220,+3.52,+30.259, +4.302,+1.000
1512887820,+3.52,+29.637, +3.904,+0.998
1512888420,+3.52,+29.749, +3.841,+0.999
1512889020,+3.52,+30.146, +4.361,+0.999
