7392-767066
OS REV: 1.11 Sensor Cal: 1498245175
Time (sec),  BV (Volts),  T (deg C),  DO (mg/l),  Q ()
1511434800,+3.48,+20.651, +8.398,+0.995
1511435400,+3.49,+20.651, +8.402,+0.995
1511436000,+3.48,+20.643, +8.388,+0.995
1511436600,+3.48,+20.618, +8.385,+0.997
1511437200,+3.48,+20.593, +8.378,+0.996
1511437800,+3.48,+20.559, +8.361,+0.996
1511438400,+3.48,+20.526, +8.335,+0.995
1511439000,+3.49,+20.517, +8.326,+0.995
1511439600,+3.48,+19.705, +8.658,+0.994
1511440200,+3.48,+18.932, +8.819,+0.991
1511440800,+3.48,+18.823, +8.890,+0.993
1511441400,+3.49,+18.982, +8.923,+0.994
1511442000,+3.49,+19.041, +8.902,+0.993
1511442600,+3.48,+19.151, +8.948,+0.995
1511443200,+3.48,+19.352, +8.918,+0.994
1511443800,+3.48,+19.470, +8.905,+0.995
1511444400,+3.48,+19.570, +8.880,+0.994
1511445000,+3.48,+19.688, +8.877,+0.996
1511445600,+3.48,+19.797, +8.878,+0.996
1511446200,+3.48,+19.964, +8.836,+0.995
1511446800,+3.48,+20.601, +8.742,+0.996
1511447400,+3.48,+24.060, +8.230,+0.995
