2017,11,24,11,35,  0.57        -5.34
2017,11,24,11,40,  0.56        4.09
2017,11,24,11,45,  0.57        4.59
2017,11,24,11,50,  0.56        3.70
2017,11,24,11,55,  0.55        3.60
2017,11,24,12,0,  0.57        3.90
2017,11,24,12,5,  0.58        4.19
2017,11,24,12,10,  0.55        3.50
2017,11,24,12,15,  0.55        3.50
2017,11,24,12,20,  0.56        3.70
2017,11,24,12,25,  0.55        3.30
2017,11,24,12,30,  0.55        3.40
2017,11,24,12,35,  0.54        3.30
2017,11,24,12,40,  0.55        3.40
2017,11,24,12,45,  0.56        3.60
2017,11,24,12,50,  0.55        3.40
2017,11,24,12,55,  0.55        3.50
2017,11,24,13,0,  0.55        3.50
2017,11,24,13,5,  0.54        3.20
2017,11,24,13,10,  0.54        3.20
2017,11,24,13,15,  0.53        3.00
2017,11,24,13,20,  0.54        3.20
2017,11,24,13,25,  0.53        2.90
2017,11,24,13,30,  0.52        2.79
2017,11,24,13,35,  0.52        2.79
2017,11,24,13,40,  0.53        2.90
2017,11,24,13,45,  0.52        2.79
2017,11,24,13,50,  0.52        2.69
2017,11,24,13,55,  0.51        2.39
2017,11,24,14,0,  0.51        2.39
2017,11,24,14,5,  0.50        2.29
2017,11,24,14,10,  0.50        2.18
2017,11,24,14,15,  0.50        2.18
2017,11,24,14,20,  0.50        2.18
2017,11,24,14,25,  0.49        1.98
2017,11,24,14,30,  0.49        2.08
2017,11,24,14,35,  0.49        1.98
2017,11,24,14,40,  0.49        1.98
2017,11,24,14,45,  0.49        1.98
2017,11,24,14,50,  0.49        1.98
2017,11,24,14,55,  0.49        1.88
2017,11,24,15,0,  0.49        1.98
2017,11,24,15,5,  0.49        2.08
2017,11,24,15,10,  0.49        1.98
2017,11,24,15,15,  0.48        1.88
2017,11,24,15,20,  0.49        1.88
2017,11,24,15,25,  0.49        2.08
2017,11,24,15,30,  0.49        1.88
2017,11,24,15,35,  0.49        1.88
2017,11,24,15,40,  0.48        1.88
2017,11,24,15,45,  0.48        1.88
2017,11,24,15,50,  0.49        1.88
2017,11,24,15,55,  0.48        1.88
2017,11,24,16,0,  0.49        1.88
2017,11,24,16,5,  0.49        1.88
2017,11,24,16,10,  0.49        1.88
2017,11,24,16,15,  0.48        1.88
2017,11,24,16,20,  0.48        1.88
2017,11,24,16,25,  0.48        1.77
2017,11,24,16,30,  0.48        1.88
2017,11,24,16,35,  0.48        1.67
2017,11,24,16,40,  0.48        1.77
2017,11,24,16,45,  0.49        1.88
2017,11,24,16,50,  0.48        1.77
2017,11,24,16,55,  0.48        1.77
2017,11,24,17,0,  0.48        1.77
2017,11,24,17,5,  0.48        1.67
2017,11,24,17,10,  0.48        1.77
2017,11,24,17,15,  0.48        1.67
2017,11,24,17,20,  0.48        1.67
2017,11,24,17,25,  0.48        1.67
2017,11,24,17,30,  0.48        1.67
2017,11,24,17,35,  0.48        1.67
2017,11,24,17,40,  0.48        1.67
2017,11,24,17,45,  0.48        1.67
2017,11,24,17,50,  0.24        -3.91
2017,11,24,18,10,  0.01        21.73
2017,11,24,18,15,  0.00        22.08
2017,12,7,7,25,  0.00        27.96
2017,12,7,7,30,  0.00        29.33
2017,12,7,7,35,  0.00        29.42
2017,12,7,7,40,  0.00        29.61
2017,12,7,7,45,  0.00        30.16
2017,12,7,7,50,  0.00        31.85
2017,12,7,7,55,  0.00        33.48
2017,12,7,8,0,  0.46        29.15
2017,12,7,8,5,  0.46        28.69
2017,12,7,8,10,  0.46        28.51
2017,12,7,8,15,  0.47        28.51
2017,12,7,8,20,  0.47        28.69
2017,12,7,8,25,  0.47        28.69
2017,12,7,8,30,  0.48        28.60
2017,12,7,8,35,  0.48        28.69
2017,12,7,8,40,  0.47        28.69
2017,12,7,8,45,  0.48        28.69
2017,12,7,8,50,  0.49        28.78
2017,12,7,8,55,  0.49        28.87
2017,12,7,9,0,  0.49        28.96
2017,12,7,9,5,  0.51        28.96
2017,12,7,9,10,  0.52        28.96
2017,12,7,9,15,  0.53        28.87
2017,12,7,9,20,  0.49        28.78
2017,12,7,9,25,  0.50        28.78
2017,12,7,9,30,  0.50        28.78
2017,12,7,9,35,  0.51        28.78
2017,12,7,9,40,  0.51        28.69
2017,12,7,9,45,  0.51        28.69
2017,12,7,9,50,  0.52        28.69
2017,12,7,9,55,  0.53        28.69
2017,12,7,10,0,  0.54        28.69
2017,12,7,10,5,  0.52        28.69
2017,12,7,10,10,  0.52        28.69
2017,12,7,10,15,  0.51        28.78
2017,12,7,10,20,  0.50        28.78
2017,12,7,10,25,  0.50        28.78
2017,12,7,10,30,  0.50        28.78
2017,12,7,10,35,  0.50        28.69
2017,12,7,10,40,  0.50        28.69
2017,12,7,10,45,  0.51        28.69
2017,12,7,10,50,  0.51        28.69
2017,12,7,10,55,  0.51        28.69
2017,12,7,11,0,  0.52        28.69
2017,12,7,11,5,  0.52        28.69
2017,12,7,11,10,  0.51        28.69
2017,12,7,11,15,  0.52        28.69
2017,12,7,11,20,  0.50        28.69
2017,12,7,11,25,  0.49        28.60
2017,12,7,11,30,  0.49        28.60
2017,12,7,11,35,  0.49        28.60
2017,12,7,11,40,  0.50        28.60
2017,12,7,11,45,  0.49        28.60
2017,12,7,11,50,  0.50        28.60
2017,12,7,11,55,  0.50        28.60
2017,12,7,12,0,  0.50        28.60
2017,12,7,12,5,  0.50        28.60
2017,12,7,12,10,  0.51        28.60
2017,12,7,12,15,  0.52        28.51
2017,12,7,12,20,  0.52        28.51
2017,12,7,12,25,  0.51        28.51
2017,12,7,12,30,  0.51        28.51
2017,12,7,12,35,  0.52        28.51
2017,12,7,12,40,  0.52        28.51
2017,12,7,12,45,  0.52        28.51
2017,12,7,12,50,  0.53        28.51
2017,12,7,12,55,  0.54        28.51
2017,12,7,13,0,  0.55        28.51
2017,12,7,13,5,  0.56        28.51
2017,12,7,13,10,  0.53        28.51
2017,12,7,13,15,  0.53        28.41
2017,12,7,13,20,  0.55        28.41
2017,12,7,13,25,  0.57        28.41
2017,12,7,13,30,  0.55        28.41
2017,12,7,13,35,  0.58        28.41
2017,12,7,13,40,  0.55        28.41
2017,12,7,13,45,  0.56        28.32
2017,12,7,13,50,  0.58        28.41
2017,12,7,13,55,  0.63        28.41
2017,12,7,14,0,  0.64        28.41
2017,12,7,14,5,  0.64        28.41
2017,12,7,14,10,  0.63        28.41
2017,12,7,14,15,  0.64        28.41
2017,12,7,14,20,  0.66        28.41
2017,12,7,14,25,  0.56        28.32
2017,12,7,14,30,  0.54        28.32
2017,12,7,14,35,  0.54        28.32
2017,12,7,14,40,  0.57        28.41
2017,12,7,14,45,  0.60        28.32
2017,12,7,14,50,  0.61        28.32
2017,12,7,14,55,  0.62        28.32
2017,12,7,15,0,  0.66        28.32
2017,12,7,15,5,  0.65        28.41
2017,12,7,15,10,  0.64        28.32
2017,12,7,15,15,  0.68        28.32
2017,12,7,15,20,  0.62        28.32
2017,12,7,15,25,  0.65        28.32
2017,12,7,15,30,  0.69        28.32
2017,12,7,15,35,  0.59        28.32
2017,12,7,15,40,  0.63        28.32
2017,12,7,15,45,  0.60        28.32
2017,12,7,15,50,  0.65        28.32
2017,12,7,15,55,  0.67        28.32
2017,12,7,16,0,  0.66        28.32
2017,12,7,16,5,  0.69        28.32
2017,12,7,16,10,  0.70        28.32
2017,12,7,16,15,  0.69        28.32
2017,12,7,16,20,  0.72        28.32
2017,12,7,16,25,  0.71        28.32
2017,12,7,16,30,  0.72        28.32
2017,12,7,16,35,  0.69        28.32
2017,12,7,16,40,  0.70        28.32
2017,12,7,16,45,  0.72        28.32
2017,12,7,16,50,  0.72        28.32
2017,12,7,16,55,  0.73        28.32
2017,12,7,17,0,  0.74        28.32
2017,12,7,17,5,  0.76        28.32
2017,12,7,17,10,  0.62        28.32
2017,12,7,17,15,  0.61        28.32
2017,12,7,17,20,  0.67        28.32
2017,12,7,17,25,  0.72        28.32
2017,12,7,17,30,  0.72        28.32
2017,12,7,17,35,  0.71        28.32
2017,12,7,17,40,  0.74        28.32
2017,12,7,17,45,  0.75        28.32
2017,12,7,17,50,  0.74        28.32
2017,12,7,17,55,  0.75        28.32
2017,12,7,18,0,  0.76        28.32
2017,12,7,18,5,  0.76        28.32
2017,12,7,18,10,  0.80        28.32
2017,12,7,18,15,  0.79        28.32
2017,12,7,18,20,  0.79        28.32
2017,12,7,18,25,  0.77        28.32
2017,12,7,18,30,  0.80        28.32
2017,12,7,18,35,  0.80        28.32
2017,12,7,18,40,  0.81        28.32
2017,12,7,18,45,  0.81        28.32
2017,12,7,18,50,  0.81        28.32
2017,12,7,18,55,  0.81        28.32
2017,12,7,19,0,  0.82        28.32
2017,12,7,19,5,  0.79        28.32
2017,12,7,19,10,  0.79        28.23
2017,12,7,19,15,  0.79        28.32
2017,12,7,19,20,  0.80        28.32
2017,12,7,19,25,  0.77        28.23
2017,12,7,19,30,  0.81        28.32
2017,12,7,19,35,  0.81        28.23
2017,12,7,19,40,  0.80        28.23
2017,12,7,19,45,  0.83        28.23
2017,12,7,19,50,  0.83        28.14
2017,12,7,19,55,  0.76        28.23
2017,12,7,20,0,  0.83        28.23
2017,12,7,20,5,  0.76        28.23
2017,12,7,20,10,  0.81        28.23
2017,12,7,20,15,  0.79        28.23
2017,12,7,20,20,  0.82        28.14
2017,12,7,20,25,  0.80        28.23
2017,12,7,20,30,  0.84        28.23
2017,12,7,20,35,  0.83        28.23
2017,12,7,20,40,  0.83        28.23
2017,12,7,20,45,  0.93        28.23
2017,12,7,20,50,  1.53        28.23
2017,12,7,20,55,  1.88        28.23
2017,12,7,21,0,  2.56        27.96
2017,12,7,21,5,  0.93        27.78
2017,12,7,21,10,  1.88        27.42
2017,12,7,21,15,  2.31        27.33
2017,12,7,21,20,  4.31        27.42
2017,12,7,21,25,  3.08        27.33
2017,12,7,21,30,  2.86        27.23
2017,12,7,21,35,  1.45        27.14
2017,12,7,21,40,  0.77        27.23
2017,12,7,21,45,  0.78        27.14
2017,12,7,21,50,  0.77        26.96
2017,12,7,21,55,  0.79        26.96
2017,12,7,22,0,  0.76        26.96
2017,12,7,22,5,  0.79        26.96
2017,12,7,22,10,  0.81        26.87
2017,12,7,22,15,  0.80        26.96
2017,12,7,22,20,  0.93        26.96
2017,12,7,22,25,  1.96        27.05
2017,12,7,22,30,  0.80        27.23
2017,12,7,22,35,  0.80        27.69
2017,12,7,22,40,  0.81        28.14
2017,12,7,22,45,  0.81        28.23
2017,12,7,22,50,  0.83        28.23
2017,12,7,22,55,  0.76        28.32
2017,12,7,23,0,  1.36        28.23
2017,12,7,23,5,  1.45        28.32
2017,12,7,23,10,  1.88        28.32
2017,12,7,23,15,  1.45        28.14
2017,12,7,23,20,  2.22        28.32
2017,12,7,23,25,  2.39        28.23
2017,12,7,23,30,  2.05        28.23
2017,12,7,23,35,  3.34        28.14
2017,12,7,23,40,  2.05        28.14
2017,12,7,23,45,  2.05        28.23
2017,12,7,23,50,  2.22        28.32
2017,12,7,23,55,  2.22        28.23
2017,12,8,0,0,  1.96        28.23
2017,12,8,0,5,  1.70        28.23
2017,12,8,0,10,  1.19        28.23
2017,12,8,0,15,  0.83        28.23
2017,12,8,0,20,  0.83        28.23
2017,12,8,0,25,  0.83        28.23
2017,12,8,0,30,  0.76        28.23
2017,12,8,0,35,  1.10        28.23
2017,12,8,0,40,  1.19        28.23
2017,12,8,0,45,  1.45        28.23
2017,12,8,0,50,  0.84        28.23
2017,12,8,0,55,  1.02        28.23
2017,12,8,1,0,  0.83        28.23
2017,12,8,1,5,  0.63        28.23
2017,12,8,1,10,  0.74        28.23
2017,12,8,1,15,  0.80        28.23
2017,12,8,1,20,  0.83        28.23
2017,12,8,1,25,  0.83        28.23
2017,12,8,1,30,  0.82        28.23
2017,12,8,1,35,  0.83        28.23
2017,12,8,1,40,  0.81        28.23
2017,12,8,1,45,  0.83        28.23
2017,12,8,1,50,  1.19        28.23
2017,12,8,1,55,  0.76        28.23
2017,12,8,2,0,  0.75        28.23
2017,12,8,2,5,  0.78        28.23
2017,12,8,2,10,  0.81        28.23
2017,12,8,2,15,  0.71        28.23
2017,12,8,2,20,  0.72        28.23
2017,12,8,2,25,  0.79        28.23
2017,12,8,2,30,  0.84        28.23
2017,12,8,2,35,  0.76        28.23
2017,12,8,2,40,  0.83        28.23
2017,12,8,2,45,  0.84        28.23
2017,12,8,2,50,  1.45        28.23
2017,12,8,2,55,  1.88        28.23
2017,12,8,3,0,  1.27        28.23
2017,12,8,3,5,  0.84        28.23
2017,12,8,3,10,  0.81        28.23
2017,12,8,3,15,  0.74        28.23
2017,12,8,3,20,  0.77        28.32
2017,12,8,3,25,  0.82        28.32
2017,12,8,3,30,  0.82        28.32
2017,12,8,3,35,  0.79        28.32
2017,12,8,3,40,  0.75        28.32
2017,12,8,3,45,  0.69        28.32
2017,12,8,3,50,  0.65        28.32
2017,12,8,3,55,  0.72        28.32
2017,12,8,4,0,  0.66        28.32
2017,12,8,4,5,  0.67        28.32
2017,12,8,4,10,  0.68        28.32
2017,12,8,4,15,  0.70        28.32
2017,12,8,4,20,  0.74        28.32
2017,12,8,4,25,  0.76        28.41
2017,12,8,4,30,  0.74        28.32
2017,12,8,4,35,  0.67        28.32
2017,12,8,4,40,  0.71        28.41
2017,12,8,4,45,  0.77        28.41
2017,12,8,4,50,  0.83        28.41
2017,12,8,4,55,  0.84        28.41
2017,12,8,5,0,  1.27        28.51
2017,12,8,5,5,  1.19        28.51
2017,12,8,5,10,  0.84        28.41
2017,12,8,5,15,  0.83        28.60
2017,12,8,5,20,  2.39        28.51
2017,12,8,5,25,  0.93        28.51
2017,12,8,5,30,  1.10        28.51
2017,12,8,5,35,  0.84        28.69
2017,12,8,5,40,  0.83        28.60
2017,12,8,5,45,  1.45        28.60
2017,12,8,5,50,  0.83        28.41
2017,12,8,5,55,  0.79        28.51
2017,12,8,6,0,  1.19        28.51
2017,12,8,6,5,  0.82        28.51
2017,12,8,6,10,  0.84        28.41
2017,12,8,6,15,  0.61        29.24
2017,12,8,6,20,  0.64        29.52
2017,12,8,6,25,  0.74        29.52
2017,12,8,6,30,  0.80        29.24
2017,12,8,6,35,  0.82        29.33
2017,12,8,6,40,  0.79        29.15
2017,12,8,6,45,  0.74        29.15
2017,12,8,6,50,  0.81        29.24
2017,12,8,6,55,  0.82        29.15
2017,12,8,7,0,  0.75        29.15
2017,12,8,7,5,  0.72        29.24
2017,12,8,7,10,  0.70        29.06
2017,12,8,7,15,  0.77        29.24
2017,12,8,7,20,  0.82        29.06
2017,12,8,7,25,  1.53        28.87
2017,12,8,7,30,  1.27        29.33
2017,12,8,7,35,  1.96        29.24
2017,12,8,7,40,  2.13        29.06
2017,12,8,7,45,  0.80        28.78
2017,12,8,7,50,  0.82        28.87
2017,12,8,7,55,  1.36        28.78
2017,12,8,8,0,  2.31        28.87
2017,12,8,8,5,  2.13        28.78
2017,12,8,8,10,  2.74        28.87
2017,12,8,8,15,  2.05        28.96
2017,12,8,8,20,  1.79        29.06
2017,12,8,8,25,  2.39        28.96
2017,12,8,8,30,  1.19        28.87
2017,12,8,8,35,  1.36        28.87
2017,12,8,8,40,  1.36        28.96
2017,12,8,8,45,  0.77        28.87
2017,12,8,8,50,  0.81        28.87
2017,12,8,8,55,  1.62        28.78
2017,12,8,9,0,  2.05        28.96
2017,12,8,9,5,  0.76        28.87
2017,12,8,9,10,  0.80        29.15
2017,12,8,9,15,  0.78        29.24
2017,12,8,9,20,  0.82        29.24
2017,12,8,9,25,  1.19        29.33
2017,12,8,9,30,  1.53        29.15
2017,12,8,9,35,  1.10        29.15
2017,12,8,9,40,  0.83        29.24
2017,12,8,9,45,  0.77        29.15
2017,12,8,9,50,  0.83        29.33
2017,12,8,9,55,  0.79        29.52
2017,12,8,10,0,  0.78        29.42
2017,12,8,10,5,  0.79        29.33
2017,12,8,10,10,  0.72        29.24
2017,12,8,10,15,  0.77        29.15
2017,12,8,10,20,  0.78        29.15
2017,12,8,10,25,  0.77        29.06
2017,12,8,10,30,  0.76        29.06
2017,12,8,10,35,  0.78        29.06
2017,12,8,10,40,  0.78        29.06
2017,12,8,10,45,  0.75        29.06
2017,12,8,10,50,  0.68        29.06
2017,12,8,10,55,  0.72        29.15
2017,12,8,11,0,  0.75        29.15
2017,12,8,11,5,  0.74        29.15
2017,12,8,11,10,  0.76        29.15
2017,12,8,11,15,  0.76        29.15
2017,12,8,11,20,  0.79        29.15
2017,12,8,11,25,  0.79        29.24
2017,12,8,11,30,  0.77        29.24
2017,12,8,11,35,  0.80        29.15
2017,12,8,11,40,  0.80        29.15
2017,12,8,11,45,  0.81        29.15
2017,12,8,11,50,  0.80        29.15
2017,12,8,11,55,  0.79        29.15
2017,12,8,12,0,  0.81        29.15
2017,12,8,12,5,  0.80        29.15
2017,12,8,12,10,  0.81        29.06
2017,12,8,12,15,  0.81        29.06
2017,12,8,12,20,  0.83        29.06
2017,12,8,12,25,  0.81        29.06
2017,12,8,12,30,  0.82        29.06
2017,12,8,12,35,  0.83        29.06
2017,12,8,12,40,  0.82        29.06
2017,12,8,12,45,  0.71        29.06
2017,12,8,12,50,  0.74        28.96
2017,12,8,12,55,  0.69        28.96
2017,12,8,13,0,  0.70        28.96
2017,12,8,13,5,  0.75        28.96
2017,12,8,13,10,  0.74        28.96
2017,12,8,13,15,  0.77        28.96
2017,12,8,13,20,  0.77        28.96
2017,12,8,13,25,  0.78        28.96
2017,12,8,13,30,  0.79        28.96
2017,12,8,13,35,  0.79        28.96
2017,12,8,13,40,  0.76        28.96
2017,12,8,13,45,  0.77        28.96
2017,12,8,13,50,  0.79        28.96
2017,12,8,13,55,  0.75        28.96
2017,12,8,14,0,  0.75        28.96
2017,12,8,14,5,  0.78        28.96
2017,12,8,14,10,  0.71        28.96
2017,12,8,14,15,  0.73        28.96
2017,12,8,14,20,  0.76        28.96
2017,12,8,14,25,  0.77        28.96
2017,12,8,14,30,  0.77        28.96
2017,12,8,14,35,  0.78        28.96
2017,12,8,14,40,  0.74        28.87
2017,12,8,14,45,  0.75        28.87
2017,12,8,14,50,  0.77        28.87
2017,12,8,14,55,  0.81        28.96
2017,12,8,15,0,  0.81        28.87
2017,12,8,15,5,  0.82        28.87
2017,12,8,15,10,  0.81        28.87
2017,12,8,15,15,  0.82        28.87
2017,12,8,15,20,  0.82        28.87
2017,12,8,15,25,  0.83        28.96
2017,12,8,15,30,  0.82        28.87
2017,12,8,15,35,  0.84        28.87
2017,12,8,15,40,  0.83        28.87
2017,12,8,15,45,  0.84        28.87
2017,12,8,15,50,  0.83        28.87
2017,12,8,15,55,  0.83        28.87
2017,12,8,16,0,  0.82        28.87
2017,12,8,16,5,  0.74        28.87
2017,12,8,16,10,  0.77        28.87
2017,12,8,16,15,  0.79        28.87
2017,12,8,16,20,  0.82        28.87
2017,12,8,16,25,  0.82        28.87
2017,12,8,16,30,  0.83        28.87
2017,12,8,16,35,  0.82        28.87
2017,12,8,16,40,  0.81        28.87
2017,12,8,16,45,  0.84        28.87
2017,12,8,16,50,  0.83        28.87
2017,12,8,16,55,  0.83        28.87
2017,12,8,17,0,  0.84        28.87
2017,12,8,17,5,  0.84        28.87
2017,12,8,17,10,  0.81        28.87
2017,12,8,17,15,  0.83        28.87
2017,12,8,17,20,  0.83        28.87
2017,12,8,17,25,  2.13        28.78
2017,12,8,17,30,  2.39        28.78
2017,12,8,17,35,  2.05        28.87
2017,12,8,17,40,  1.70        28.78
2017,12,8,17,45,  1.45        28.78
2017,12,8,17,50,  1.45        28.87
2017,12,8,17,55,  2.13        28.78
2017,12,8,18,0,  1.70        28.87
2017,12,8,18,5,  1.10        28.87
2017,12,8,18,10,  1.19        28.78
2017,12,8,18,15,  1.02        28.78
2017,12,8,18,20,  1.36        28.78
2017,12,8,18,25,  1.45        28.87
2017,12,8,18,30,  1.27        28.87
2017,12,8,18,35,  1.45        28.78
2017,12,8,18,40,  1.88        28.87
2017,12,8,18,45,  1.88        28.87
2017,12,8,18,50,  1.88        28.87
2017,12,8,18,55,  1.96        28.87
2017,12,8,19,0,  2.39        28.87
2017,12,8,19,5,  2.74        28.96
2017,12,8,19,10,  2.74        28.96
2017,12,8,19,15,  2.74        28.96
2017,12,8,19,20,  2.31        28.96
2017,12,8,19,25,  2.39        28.87
2017,12,8,19,30,  2.65        28.96
2017,12,8,19,35,  2.82        28.87
2017,12,8,19,40,  2.48        28.87
2017,12,8,19,45,  2.56        28.87
2017,12,8,19,50,  3.08        28.87
2017,12,8,19,55,  2.91        28.87
2017,12,8,20,0,  2.74        28.87
2017,12,8,20,5,  2.91        28.87
2017,12,8,20,10,  3.10        28.87
2017,12,8,20,15,  3.59        28.87
2017,12,8,20,20,  4.07        28.87
2017,12,8,20,25,  4.31        28.78
2017,12,8,20,30,  5.03        28.87
2017,12,8,20,35,  5.51        28.87
2017,12,8,20,40,  7.44        28.87
2017,12,8,20,45,  8.17        28.78
2017,12,8,20,50,  8.65        28.78
2017,12,8,20,55,  9.85        28.78
2017,12,8,21,0,  11.06        28.87
2017,12,8,21,5,  11.78        28.78
2017,12,8,21,10,  12.50        28.78
2017,12,8,21,15,  12.99        28.87
2017,12,8,21,20,  13.47        28.78
2017,12,8,21,25,  13.47        28.87
2017,12,8,21,30,  13.71        28.78
2017,12,8,21,35,  14.19        28.78
2017,12,8,21,40,  14.67        28.87
2017,12,8,21,45,  14.91        28.78
2017,12,8,21,50,  15.40        28.87
2017,12,8,21,55,  6.48        28.78
2017,12,8,22,0,  10.82        28.78
2017,12,8,22,5,  11.78        28.69
2017,12,8,22,10,  13.71        28.78
2017,12,8,22,15,  14.19        28.78
2017,12,8,22,20,  14.43        28.78
2017,12,8,22,25,  14.67        28.78
2017,12,8,22,30,  14.91        28.78
2017,12,8,22,35,  15.40        28.69
2017,12,8,22,40,  15.64        28.69
2017,12,8,22,45,  15.88        28.78
2017,12,8,22,50,  15.88        28.78
2017,12,8,22,55,  15.64        28.69
2017,12,8,23,0,  14.19        28.78
2017,12,8,23,5,  15.64        28.69
2017,12,8,23,10,  15.88        28.78
2017,12,8,23,15,  15.64        28.69
2017,12,8,23,20,  15.64        28.69
2017,12,8,23,25,  14.91        28.69
2017,12,8,23,30,  14.91        28.69
2017,12,8,23,35,  13.95        28.69
2017,12,8,23,40,  14.67        28.69
2017,12,8,23,45,  14.43        28.69
2017,12,8,23,50,  13.71        28.69
2017,12,8,23,55,  13.23        28.69
2017,12,9,0,0,  13.23        28.69
2017,12,9,0,5,  12.99        28.69
2017,12,9,0,10,  12.50        28.69
2017,12,9,0,15,  12.50        28.69
2017,12,9,0,20,  12.26        28.69
2017,12,9,0,25,  12.02        28.69
2017,12,9,0,30,  12.02        28.69
2017,12,9,0,35,  12.26        28.69
2017,12,9,0,40,  12.26        28.69
2017,12,9,0,45,  12.26        28.69
2017,12,9,0,50,  12.02        28.69
2017,12,9,0,55,  12.50        28.69
2017,12,9,1,0,  12.50        28.69
2017,12,9,1,5,  12.99        28.69
2017,12,9,1,10,  12.99        28.69
2017,12,9,1,15,  12.99        28.69
2017,12,9,1,20,  12.75        28.69
2017,12,9,1,25,  12.26        28.69
2017,12,9,1,30,  11.78        28.69
2017,12,9,1,35,  10.33        28.60
2017,12,9,1,40,  10.82        28.69
2017,12,9,1,45,  11.54        28.69
2017,12,9,1,50,  11.30        28.69
2017,12,9,1,55,  11.06        28.69
2017,12,9,2,0,  2.48        28.60
2017,12,9,2,5,  5.03        28.60
2017,12,9,2,10,  2.48        28.60
2017,12,9,2,15,  2.91        28.69
2017,12,9,2,20,  1.10        28.60
2017,12,9,2,25,  3.59        28.60
2017,12,9,2,30,  4.31        28.69
2017,12,9,2,35,  4.31        28.60
2017,12,9,2,40,  4.79        28.69
2017,12,9,2,45,  5.27        28.69
2017,12,9,2,50,  5.03        28.69
2017,12,9,2,55,  5.27        28.69
2017,12,9,3,0,  6.48        28.69
2017,12,9,3,5,  5.03        28.69
2017,12,9,3,10,  6.00        28.69
2017,12,9,3,15,  1.96        28.69
2017,12,9,3,20,  4.07        28.69
2017,12,9,3,25,  2.39        28.69
2017,12,9,3,30,  3.08        28.69
2017,12,9,3,35,  2.56        28.78
2017,12,9,3,40,  2.74        28.78
2017,12,9,3,45,  2.65        28.78
2017,12,9,3,50,  1.45        28.78
2017,12,9,3,55,  2.91        28.78
2017,12,9,4,0,  3.10        28.78
2017,12,9,4,5,  2.86        28.78
2017,12,9,4,10,  1.96        28.78
2017,12,9,4,15,  0.79        28.78
2017,12,9,4,20,  0.81        28.78
2017,12,9,4,25,  1.19        28.78
2017,12,9,4,30,  0.77        28.78
2017,12,9,4,35,  0.83        28.78
2017,12,9,4,40,  0.80        28.87
2017,12,9,4,45,  0.80        28.87
2017,12,9,4,50,  0.93        28.87
2017,12,9,4,55,  1.70        28.87
2017,12,9,5,0,  2.22        28.96
2017,12,9,5,5,  2.22        28.87
2017,12,9,5,10,  2.48        28.96
2017,12,9,5,15,  0.84        28.96
2017,12,9,5,20,  0.82        28.96
2017,12,9,5,25,  0.84        28.96
2017,12,9,5,30,  0.93        28.96
2017,12,9,5,35,  0.81        28.96
2017,12,9,5,40,  1.53        28.96
2017,12,9,5,45,  2.65        28.96
2017,12,9,5,50,  3.83        28.96
2017,12,9,5,55,  2.39        28.87
2017,12,9,6,0,  3.08        29.33
2017,12,9,6,5,  2.91        29.15
2017,12,9,6,10,  3.83        28.96
2017,12,9,6,15,  6.00        28.96
2017,12,9,6,20,  5.27        29.42
2017,12,9,6,25,  1.62        29.61
2017,12,9,6,30,  6.24        29.52
2017,12,9,6,35,  3.59        29.52
2017,12,9,6,40,  2.48        29.79
2017,12,9,6,45,  2.99        29.70
2017,12,9,6,50,  1.10        30.07
2017,12,9,6,55,  2.65        29.52
2017,12,9,7,0,  2.05        30.16
2017,12,9,7,5,  2.05        30.16
2017,12,9,7,10,  4.55        30.35
2017,12,9,7,15,  2.86        30.35
2017,12,9,7,20,  4.79        30.26
2017,12,9,7,25,  3.59        29.79
2017,12,9,7,30,  7.44        30.35
2017,12,9,7,35,  7.68        30.16
2017,12,9,7,40,  7.20        30.16
2017,12,9,7,45,  8.17        30.26
2017,12,9,7,50,  2.82        30.26
2017,12,9,7,55,  6.48        30.35
2017,12,9,8,0,  8.17        30.07
2017,12,9,8,5,  3.59        29.79
2017,12,9,8,10,  6.72        30.35
2017,12,9,8,15,  6.24        30.26
2017,12,9,8,20,  8.89        30.07
2017,12,9,8,25,  8.65        30.35
2017,12,9,8,30,  9.37        29.98
2017,12,9,8,35,  10.33        30.07
2017,12,9,8,40,  10.58        29.98
2017,12,9,8,45,  12.75        29.89
2017,12,9,8,50,  10.82        29.70
2017,12,9,8,55,  4.07        29.52
2017,12,9,9,0,  11.78        29.52
2017,12,9,9,5,  9.37        29.33
2017,12,9,9,10,  10.09        29.33
2017,12,9,9,15,  9.61        29.33
2017,12,9,9,20,  8.65        29.24
2017,12,9,9,25,  9.37        29.33
2017,12,9,9,30,  8.17        29.33
2017,12,9,9,35,  3.10        29.42
2017,12,9,9,40,  8.89        29.42
2017,12,9,9,45,  6.48        29.52
2017,12,9,9,50,  3.34        29.52
2017,12,9,9,55,  6.48        29.52
2017,12,9,10,0,  1.96        29.61
2017,12,9,10,5,  0.81        29.70
2017,12,9,10,10,  1.10        29.61
2017,12,9,10,15,  1.45        29.61
2017,12,9,10,20,  2.82        29.70
2017,12,9,10,25,  4.31        29.79
2017,12,9,10,30,  3.10        29.79
2017,12,9,10,35,  4.07        29.79
2017,12,9,10,40,  4.31        29.89
2017,12,9,10,45,  0.83        29.79
2017,12,9,10,50,  2.22        29.61
2017,12,9,10,55,  0.82        29.61
2017,12,9,11,0,  1.10        29.61
2017,12,9,11,5,  2.82        29.61
2017,12,9,11,10,  1.88        29.61
2017,12,9,11,15,  1.79        29.61
2017,12,9,11,20,  2.31        29.52
2017,12,9,11,25,  2.74        29.52
2017,12,9,11,30,  2.91        29.52
2017,12,9,11,35,  2.86        29.52
2017,12,9,11,40,  3.08        29.61
2017,12,9,11,45,  4.07        29.61
2017,12,9,11,50,  2.99        29.61
2017,12,9,11,55,  1.02        29.61
2017,12,9,12,0,  1.27        29.61
2017,12,9,12,5,  1.53        29.61
2017,12,9,12,10,  0.81        29.61
2017,12,9,12,15,  0.77        29.61
2017,12,9,12,20,  0.78        29.61
2017,12,9,12,25,  0.75        29.61
2017,12,9,12,30,  0.73        29.61
2017,12,9,12,35,  0.73        29.61
2017,12,9,12,40,  0.74        29.61
2017,12,9,12,45,  0.76        29.52
2017,12,9,12,50,  0.68        29.52
2017,12,9,12,55,  0.71        29.52
2017,12,9,13,0,  0.71        29.52
2017,12,9,13,5,  0.73        29.42
2017,12,9,13,10,  0.74        29.42
2017,12,9,13,15,  0.72        29.42
2017,12,9,13,20,  0.62        29.42
2017,12,9,13,25,  0.61        29.42
2017,12,9,13,30,  0.67        29.42
2017,12,9,13,35,  0.68        29.42
2017,12,9,13,40,  0.69        29.42
2017,12,9,13,45,  0.71        29.42
2017,12,9,13,50,  0.75        29.33
2017,12,9,13,55,  0.78        29.33
2017,12,9,14,0,  0.73        29.33
2017,12,9,14,5,  0.78        29.33
2017,12,9,14,10,  0.78        29.33
2017,12,9,14,15,  0.80        29.33
2017,12,9,14,20,  0.80        29.33
2017,12,9,14,25,  0.82        29.33
2017,12,9,14,30,  0.83        29.33
2017,12,9,14,35,  0.76        29.33
2017,12,9,14,40,  0.74        29.24
2017,12,9,14,45,  0.74        29.33
2017,12,9,14,50,  0.74        29.33
2017,12,9,14,55,  0.78        29.33
2017,12,9,15,0,  0.83        29.33
2017,12,9,15,5,  0.82        29.24
2017,12,9,15,10,  0.84        29.33
2017,12,9,15,15,  0.76        29.33
2017,12,9,15,20,  0.82        29.24
2017,12,9,15,25,  0.76        29.24
2017,12,9,15,30,  0.84        29.33
2017,12,9,15,35,  0.84        29.24
2017,12,9,15,40,  0.83        29.24
2017,12,9,15,45,  1.70        29.24
2017,12,9,15,50,  1.88        29.24
2017,12,9,15,55,  2.05        29.24
2017,12,9,16,0,  2.13        29.24
2017,12,9,16,5,  2.05        29.24
2017,12,9,16,10,  2.13        29.24
2017,12,9,16,15,  1.70        29.24
2017,12,9,16,20,  1.45        29.24
2017,12,9,16,25,  2.39        29.24
2017,12,9,16,30,  2.05        29.24
2017,12,9,16,35,  2.39        29.24
2017,12,9,16,40,  0.76        29.24
2017,12,9,16,45,  1.53        29.24
2017,12,9,16,50,  1.96        29.24
2017,12,9,16,55,  2.22        29.24
2017,12,9,17,0,  2.56        29.24
2017,12,9,17,5,  2.65        29.24
2017,12,9,17,10,  2.82        29.24
2017,12,9,17,15,  2.56        29.24
2017,12,9,17,20,  2.65        29.24
2017,12,9,17,25,  2.82        29.24
2017,12,9,17,30,  2.82        29.24
2017,12,9,17,35,  2.99        29.24
2017,12,9,17,40,  2.74        29.24
2017,12,9,17,45,  2.91        29.24
2017,12,9,17,50,  2.65        29.24
2017,12,9,17,55,  2.82        29.24
2017,12,9,18,0,  2.82        29.15
2017,12,9,18,5,  1.96        29.15
2017,12,9,18,10,  1.62        29.15
2017,12,9,18,15,  1.79        29.15
2017,12,9,18,20,  2.22        29.15
2017,12,9,18,25,  2.39        29.15
2017,12,9,18,30,  0.79        29.15
2017,12,9,18,35,  0.83        29.15
2017,12,9,18,40,  1.88        29.15
2017,12,9,18,45,  2.31        29.15
2017,12,9,18,50,  2.74        29.15
2017,12,9,18,55,  2.48        29.15
2017,12,9,19,0,  2.31        29.15
2017,12,9,19,5,  2.48        29.15
2017,12,9,19,10,  1.96        29.15
2017,12,9,19,15,  1.27        29.15
2017,12,9,19,20,  1.02        29.15
2017,12,9,19,25,  1.62        29.15
2017,12,9,19,30,  1.79        29.06
2017,12,9,19,35,  2.86        29.06
2017,12,9,19,40,  3.08        29.06
2017,12,9,19,45,  3.59        29.15
2017,12,9,19,50,  4.31        29.15
2017,12,9,19,55,  3.59        29.15
2017,12,9,20,0,  6.00        29.15
2017,12,9,20,5,  6.48        29.15
2017,12,9,20,10,  6.48        29.15
2017,12,9,20,15,  6.48        29.15
2017,12,9,20,20,  5.27        29.15
2017,12,9,20,25,  7.68        29.15
2017,12,9,20,30,  6.96        29.15
2017,12,9,20,35,  7.44        29.15
2017,12,9,20,40,  7.44        29.15
2017,12,9,20,45,  8.17        29.06
2017,12,9,20,50,  7.92        29.06
2017,12,9,20,55,  8.65        29.06
2017,12,9,21,0,  9.37        29.06
2017,12,9,21,5,  8.17        29.06
2017,12,9,21,10,  8.65        29.06
2017,12,9,21,15,  8.41        29.06
2017,12,9,21,20,  9.13        29.06
2017,12,9,21,25,  8.41        29.06
2017,12,9,21,30,  8.89        28.96
2017,12,9,21,35,  8.89        28.96
2017,12,9,21,40,  8.17        28.96
2017,12,9,21,45,  9.37        28.96
2017,12,9,21,50,  5.76        28.96
2017,12,9,21,55,  6.24        28.96
2017,12,9,22,0,  6.24        28.96
2017,12,9,22,5,  4.79        28.96
2017,12,9,22,10,  6.72        28.96
2017,12,9,22,15,  7.20        28.96
2017,12,9,22,20,  6.72        28.96
2017,12,9,22,25,  7.44        28.96
2017,12,9,22,30,  6.00        28.96
2017,12,9,22,35,  7.20        28.96
2017,12,9,22,40,  5.76        28.96
2017,12,9,22,45,  6.96        28.96
2017,12,9,22,50,  7.20        28.96
2017,12,9,22,55,  6.96        28.96
2017,12,9,23,0,  5.03        28.96
2017,12,9,23,5,  7.20        28.87
2017,12,9,23,10,  7.20        28.96
2017,12,9,23,15,  6.72        28.87
2017,12,9,23,20,  6.72        28.87
2017,12,9,23,25,  6.48        28.87
2017,12,9,23,30,  5.76        28.87
2017,12,9,23,35,  5.27        28.87
2017,12,9,23,40,  5.51        28.87
2017,12,9,23,45,  2.99        28.87
2017,12,9,23,50,  5.51        28.87
2017,12,9,23,55,  5.51        28.87
2017,12,10,0,0,  5.03        28.87
2017,12,10,0,5,  5.27        28.87
2017,12,10,0,10,  2.99        28.87
2017,12,10,0,15,  2.48        28.87
2017,12,10,0,20,  2.86        28.87
2017,12,10,0,25,  2.99        28.87
2017,12,10,0,30,  1.53        28.87
2017,12,10,0,35,  2.39        28.87
2017,12,10,0,40,  1.27        28.87
2017,12,10,0,45,  1.19        28.87
2017,12,10,0,50,  1.79        28.87
2017,12,10,0,55,  0.76        28.87
2017,12,10,1,0,  1.45        28.87
2017,12,10,1,5,  1.53        28.87
2017,12,10,1,10,  2.22        28.87
2017,12,10,1,15,  1.53        28.87
2017,12,10,1,20,  1.79        28.87
2017,12,10,1,25,  0.93        28.87
2017,12,10,1,30,  0.76        28.87
2017,12,10,1,35,  1.19        28.87
2017,12,10,1,40,  0.84        28.87
2017,12,10,1,45,  1.27        28.87
2017,12,10,1,50,  1.36        28.87
2017,12,10,1,55,  1.27        28.87
2017,12,10,2,0,  0.75        28.87
2017,12,10,2,5,  0.75        28.87
2017,12,10,2,10,  0.77        28.87
2017,12,10,2,15,  0.81        28.87
2017,12,10,2,20,  0.80        28.87
2017,12,10,2,25,  0.77        28.87
2017,12,10,2,30,  0.77        28.87
2017,12,10,2,35,  0.81        28.87
2017,12,10,2,40,  0.83        28.87
2017,12,10,2,45,  0.82        28.87
2017,12,10,2,50,  0.81        28.87
2017,12,10,2,55,  0.81        28.87
2017,12,10,3,0,  0.81        28.87
2017,12,10,3,5,  0.82        28.87
2017,12,10,3,10,  0.83        28.87
2017,12,10,3,15,  0.84        28.87
2017,12,10,3,20,  0.80        28.87
2017,12,10,3,25,  0.81        28.87
2017,12,10,3,30,  0.78        28.87
2017,12,10,3,35,  0.67        28.96
2017,12,10,3,40,  0.71        28.96
2017,12,10,3,45,  0.70        28.96
2017,12,10,3,50,  0.73        28.96
2017,12,10,3,55,  0.75        28.96
2017,12,10,4,0,  0.71        28.96
2017,12,10,4,5,  0.73        28.96
2017,12,10,4,10,  0.72        28.96
2017,12,10,4,15,  0.75        28.96
2017,12,10,4,20,  0.72        28.96
2017,12,10,4,25,  0.76        28.96
2017,12,10,4,30,  0.72        28.96
2017,12,10,4,35,  0.68        28.96
2017,12,10,4,40,  0.71        29.06
2017,12,10,4,45,  0.73        28.96
2017,12,10,4,50,  0.77        28.96
2017,12,10,4,55,  0.74        28.96
2017,12,10,5,0,  0.79        29.06
2017,12,10,5,5,  0.76        29.06
2017,12,10,5,10,  0.73        29.06
2017,12,10,5,15,  0.77        29.06
2017,12,10,5,20,  0.80        29.06
2017,12,10,5,25,  0.82        29.06
2017,12,10,5,30,  0.82        29.15
2017,12,10,5,35,  0.83        29.06
2017,12,10,5,40,  0.84        29.06
2017,12,10,5,45,  0.79        29.24
2017,12,10,5,50,  0.84        29.15
2017,12,10,5,55,  1.36        29.15
2017,12,10,6,0,  1.70        29.06
2017,12,10,6,5,  0.74        29.15
2017,12,10,6,10,  0.80        29.61
2017,12,10,6,15,  0.80        29.42
2017,12,10,6,20,  0.83        29.42
2017,12,10,6,25,  1.36        29.61
2017,12,10,6,30,  1.53        29.33
2017,12,10,6,35,  0.81        29.33
2017,12,10,6,40,  0.93        29.89
2017,12,10,6,45,  1.19        29.79
2017,12,10,6,50,  1.19        29.79
2017,12,10,6,55,  0.93        29.79
2017,12,10,7,0,  0.84        29.89
2017,12,10,7,5,  0.83        29.61
2017,12,10,7,10,  1.27        30.16
2017,12,10,7,15,  1.36        30.16
2017,12,10,7,20,  1.88        30.63
2017,12,10,7,25,  1.27        30.44
2017,12,10,7,30,  1.36        30.16
2017,12,10,7,35,  0.82        29.61
2017,12,10,7,40,  1.10        29.79
2017,12,10,7,45,  1.79        29.98
2017,12,10,7,50,  0.79        29.79
2017,12,10,7,55,  0.83        30.35
2017,12,10,8,0,  1.62        30.26
2017,12,10,8,5,  1.19        29.98
2017,12,10,8,10,  0.84        30.26
2017,12,10,8,15,  0.84        29.61
2017,12,10,8,20,  0.83        29.79
2017,12,10,8,25,  1.36        29.98
2017,12,10,8,30,  1.88        29.79
2017,12,10,8,35,  2.22        30.16
2017,12,10,8,40,  2.48        30.35
2017,12,10,8,45,  2.13        29.98
2017,12,10,8,50,  1.62        30.16
2017,12,10,8,55,  2.56        30.07
2017,12,10,9,0,  2.86        30.07
2017,12,10,9,5,  3.08        29.70
2017,12,10,9,10,  3.59        29.61
2017,12,10,9,15,  3.83        29.79
2017,12,10,9,20,  4.07        29.70
2017,12,10,9,25,  1.79        29.89
2017,12,10,9,30,  2.39        29.79
2017,12,10,9,35,  2.56        29.79
2017,12,10,9,40,  3.59        29.79
2017,12,10,9,45,  4.55        30.07
2017,12,10,9,50,  6.48        30.07
2017,12,10,9,55,  7.20        30.16
2017,12,10,10,0,  5.51        29.79
2017,12,10,10,5,  2.39        29.79
2017,12,10,10,10,  1.27        29.70
2017,12,10,10,15,  2.65        29.70
2017,12,10,10,20,  0.82        29.70
2017,12,10,10,25,  0.83        29.70
2017,12,10,10,30,  1.19        29.79
2017,12,10,10,35,  1.79        29.89
2017,12,10,10,40,  1.62        29.89
2017,12,10,10,45,  1.88        29.79
2017,12,10,10,50,  0.84        29.79
2017,12,10,10,55,  0.83        29.79
2017,12,10,11,0,  0.82        29.79
2017,12,10,11,5,  0.80        29.79
2017,12,10,11,10,  0.76        29.79
2017,12,10,11,15,  1.02        29.79
2017,12,10,11,20,  0.83        29.70
2017,12,10,11,25,  0.83        29.70
2017,12,10,11,30,  0.93        29.70
2017,12,10,11,35,  1.10        29.70
2017,12,10,11,40,  1.27        29.70
2017,12,10,11,45,  0.76        29.70
2017,12,10,11,50,  0.76        29.70
2017,12,10,11,55,  0.84        29.79
2017,12,10,12,0,  1.10        29.79
2017,12,10,12,5,  0.84        29.70
2017,12,10,12,10,  0.83        29.70
2017,12,10,12,15,  0.83        29.79
2017,12,10,12,20,  0.82        29.70
2017,12,10,12,25,  0.82        29.79
2017,12,10,12,30,  0.80        29.79
2017,12,10,12,35,  0.80        29.70
2017,12,10,12,40,  0.69        29.70
2017,12,10,12,45,  0.75        29.70
2017,12,10,12,50,  0.69        29.61
2017,12,10,12,55,  0.73        29.61
2017,12,10,13,0,  0.70        29.61
2017,12,10,13,5,  0.70        29.61
2017,12,10,13,10,  0.75        29.52
2017,12,10,13,15,  0.76        29.52
2017,12,10,13,20,  0.77        29.52
2017,12,10,13,25,  0.78        29.52
2017,12,10,13,30,  0.80        29.52
2017,12,10,13,35,  0.74        29.52
2017,12,10,13,40,  0.76        29.42
2017,12,10,13,45,  0.78        29.42
2017,12,10,13,50,  0.79        29.42
2017,12,10,13,55,  0.80        29.42
2017,12,10,14,0,  0.79        29.42
2017,12,10,14,5,  0.80        29.42
2017,12,10,14,10,  0.72        29.42
2017,12,10,14,15,  0.77        29.42
2017,12,10,14,20,  0.78        29.42
2017,12,10,14,25,  0.79        29.42
2017,12,10,14,30,  0.81        29.33
2017,12,10,14,35,  0.78        29.33
2017,12,10,14,40,  0.78        29.42
2017,12,10,14,45,  0.83        29.33
2017,12,10,14,50,  0.93        29.42
2017,12,10,14,55,  0.93        29.33
2017,12,10,15,0,  0.84        29.33
2017,12,10,15,5,  1.02        29.33
2017,12,10,15,10,  1.19        29.33
2017,12,10,15,15,  1.88        29.33
2017,12,10,15,20,  1.79        29.33
2017,12,10,15,25,  0.80        29.33
2017,12,10,15,30,  0.81        29.33
2017,12,10,15,35,  0.83        29.33
2017,12,10,15,40,  1.36        29.33
2017,12,10,15,45,  1.70        29.33
2017,12,10,15,50,  1.79        29.33
2017,12,10,15,55,  1.45        29.33
2017,12,10,16,0,  2.05        29.33
2017,12,10,16,5,  2.05        29.33
2017,12,10,16,10,  1.88        29.33
2017,12,10,16,15,  0.76        29.33
2017,12,10,16,20,  0.76        29.33
2017,12,10,16,25,  1.36        29.33
2017,12,10,16,30,  1.88        29.33
2017,12,10,16,35,  2.13        29.33
2017,12,10,16,40,  0.93        29.24
2017,12,10,16,45,  0.93        29.33
2017,12,10,16,50,  1.27        29.33
2017,12,10,16,55,  0.93        29.24
2017,12,10,17,0,  1.27        29.24
2017,12,10,17,5,  1.70        29.24
2017,12,10,17,10,  2.22        29.24
2017,12,10,17,15,  2.31        29.24
2017,12,10,17,20,  2.82        29.24
2017,12,10,17,25,  2.82        29.24
2017,12,10,17,30,  2.74        29.24
2017,12,10,17,35,  2.91        29.24
2017,12,10,17,40,  2.99        29.33
2017,12,10,17,45,  3.08        29.33
2017,12,10,17,50,  2.74        29.33
2017,12,10,17,55,  2.56        29.33
2017,12,10,18,0,  2.82        29.24
2017,12,10,18,5,  2.91        29.24
2017,12,10,18,10,  2.74        29.24
2017,12,10,18,15,  2.74        29.24
2017,12,10,18,20,  2.91        29.24
2017,12,10,18,25,  2.82        29.24
2017,12,10,18,30,  2.74        29.24
2017,12,10,18,35,  2.05        29.24
2017,12,10,18,40,  2.13        29.24
2017,12,10,18,45,  2.05        29.24
2017,12,10,18,50,  2.13        29.24
2017,12,10,18,55,  1.96        29.24
2017,12,10,19,0,  1.88        29.24
2017,12,10,19,5,  1.79        29.24
2017,12,10,19,10,  2.05        29.24
2017,12,10,19,15,  1.79        29.24
2017,12,10,19,20,  2.05        29.24
2017,12,10,19,25,  2.13        29.24
2017,12,10,19,30,  2.13        29.24
2017,12,10,19,35,  2.05        29.24
2017,12,10,19,40,  1.88        29.24
2017,12,10,19,45,  2.05        29.24
2017,12,10,19,50,  1.88        29.24
2017,12,10,19,55,  1.36        29.15
2017,12,10,20,0,  2.82        29.15
2017,12,10,20,5,  2.74        29.15
2017,12,10,20,10,  0.83        29.15
2017,12,10,20,15,  1.36        29.15
2017,12,10,20,20,  1.53        29.15
2017,12,10,20,25,  1.27        29.15
2017,12,10,20,30,  1.36        29.15
2017,12,10,20,35,  1.27        29.15
2017,12,10,20,40,  1.10        29.15
2017,12,10,20,45,  0.76        29.15
2017,12,10,20,50,  0.83        29.15
2017,12,10,20,55,  0.84        29.15
2017,12,10,21,0,  0.76        29.15
2017,12,10,21,5,  0.84        29.15
2017,12,10,21,10,  0.84        29.15
2017,12,10,21,15,  0.84        29.15
2017,12,10,21,20,  0.84        29.15
2017,12,10,21,25,  0.84        29.15
2017,12,10,21,30,  0.83        29.15
2017,12,10,21,35,  0.81        29.06
2017,12,10,21,40,  0.82        29.06
2017,12,10,21,45,  0.82        29.06
2017,12,10,21,50,  0.81        29.06
2017,12,10,21,55,  0.81        29.06
2017,12,10,22,0,  0.81        29.06
2017,12,10,22,5,  0.80        29.06
2017,12,10,22,10,  0.80        29.06
2017,12,10,22,15,  0.79        29.06
2017,12,10,22,20,  0.79        29.06
2017,12,10,22,25,  0.78        29.06
